7 0.3249808273687313 0.5054519928427759 0.35133062418241223 0.0877275211973953
7 0.31619756176417096 0.5939229676096407 0.36230970618811253 0.08425807120653786
7 0.3035716174576156 0.6789244923856478 0.37877832919666315 0.08177989264163969
7 0.29588623507834066 0.7646694707311232 0.3985407267574938 0.08376243549355829
7 0.28765194854935 0.8518049218190893 0.4128134834143344 0.0872318854844157
7 0.27283018784165447 0.9437453609980841 0.4402611884285853 0.09070130663272798
7 0.6724687728491484 0.3259354303476974 0.33925363397614183 0.07038027124310794
7 0.17072472518864096 0.3249441589217381 0.33925363397614183 0.07137154266906734
7 0.8359599093744318 0.17798817002327652 0.32808018125113647 0.06889336410416914
7 0.4979013689585125 0.18170543787062382 0.33047036837158145 0.0683977283911895
7 0.16303936778465059 0.18220103993396758 0.32607873556930117 0.07038033854238009
7 0.1665900029052943 0.03562332123469824 0.3331800058105886 0.06992726020144469
7 0.49976995552851555 0.035623321234698184 0.32441221729556846 0.07124664246939637
7 0.8353137534019094 0.03502551682814032 0.32937249319618156 0.0675934471444344
