6 0.25203445700505234 0.08872845751975764 0.3893413645743907 0.11148780164192595
6 0.7347445187265933 0.08938814865373354 0.38812085872932994 0.11016841937397417
1 0.2532549628501132 0.21275039070722557 0.41131046978548497 0.12468162432144383
1 0.734744490962449 0.21373992740818937 0.407649007778589 0.12138316865156434
3 0.25508572161770426 0.34468861750240415 0.422295022391032 0.12204285978554022
3 0.7371855304167148 0.34402892636842836 0.4222950223910319 0.12600100658939556
5 0.2563062274627651 0.4835536012043296 0.4467051392922477 0.13853513813493756
5 0.7384060362617756 0.48388344677131756 0.4442641276021259 0.13523668246505813
0 0.2495934119979581 0.6316542287907277 0.45280760188360636 0.14447242232309943
0 0.7341342658040628 0.6319841063489057 0.46745373865828116 0.13589637359903406
2 0.2532549406387981 0.7833832215963732 0.47477675151733073 0.14051421153686536
2 0.7377957833392452 0.7843727455008611 0.47721778541876736 0.13193825238813012
4 0.25386806806906576 0.9317219676334949 0.5004131010677668 0.13655606473301007
